00002001111101111111
00002001111110111111
00002001111111011111
00002011001111111111
00001011011101111112
00001021011101111111
00002011011101111111
00001011011111011112
00001021011111011111
00001021011111110111
00002011100111111111
00001011101111101112
00001011110111011112
00001011110111111021
00001011111011111012
00001011111101111021
00001011111110110112
00002011111110110111
00002011111111001111
00002101010111111111
00001201011011111111
00001101101110111112
00001101102110111111
00001101110111102111
00001101110211101111
00001102110111101111
00001201110111101111
00001101110111111012
00001101110111111021
00001102110111111011
00001201110111111011
00002101110111111011
00001101112011101111
00001101111110101112
00001110020111111111
00001110200111111111
00001110101201111111
00001110102101111111
00001110210111101111
00001110110111110211
00001110110111120111
00001110120111110111
00001110210111110111
00001110111011101112
00001110111021110111
00001110211101101111
00001111002011111111
00001111012010111111
00001111100201111111
00020010111011111111
00010010111101111112
00010010111110111112
00020010111110111111
00010010111111101112
00010011201101111111
00010011102111011111
00010021101111011111
00010011101111101112
00010011101111102111
00010021101111101111
00010021110111110111
00010011111011120111
00010011111011111021
00010021111111010111
00010011111111101012
00010200111011111111
00010200111111111011
00010101200111111111
00010101101101111121
00010101101111012111
00010101112001111111
00010101111011012111
00010101111021011111
00010101112101101111
00010101111110110121
00010101211110110111
00010101111111011021
00010110101101111112
00010110101111210111
00010110101211110111
00010110112001111111
00010110111011120111
00010110111021110111
00010210111011110111
00010120111111100111
00010210111111110011
00010111001111112011
00010111010021111111
00010111010120111111
00010111011011011121
00010111011021110111
00010111011101112011
00010111011120110111
00010111100111112011
00010111200111111011
00010111201101110111
00010111110101211011
00010111110120011111
00010111111021010111
00010121111011010111
00010111111101101012
00010111111111010021
00011001102111011111
00011001111011021111
00011001111011102111
00011001111011112011
00011001111101102111
00011001111201101111
00011002111110101111
00011001111110110211
00021010010111111111
00011010011102111111
00012010100111111111
00011010101101211111
00011010110021111111
00011010111011101211
00011011101102011111
00011011110021111011
00011021111011100111
00012011111100110111
00011011111201100111
00011021111101100111
00011011111120010111
00011011111110100211
00011021111110100111
00011100200111111111
00011101010021111111
00011110100101111112
00100211001110111111
00100111010210111111
00101011010110111121
00101011111010120111
00110101011001112111
