00000003011111110121
00000010201111111013
00000030110111101211
00000030111101121011
00000030111210011111
00000011012011110113
00000031011201011111
00000031011120101111
00000011101102110113
00000300010111112111
00000300010111211111
00000300011101111121
00000300011111211101
00000300011121111101
00000100112011111031
00000101002110111113
00000102010111110131
00000101013011101121
00000301011012111011
00000201013101101111
00000103100120111111
00000101100121111103
00000301100121111101
00000101301021011111
00000101301011210111
00000201101011310111
00000101101301011121
00000101101110210113
00000101102110111031
00000101101121011103
00000301101121011101
00000103101111110021
00000301110012111011
00000101110110211013
00000101110211003111
00000101110112011031
00000101113001110211
00000101211010310111
00000101112011100311
00000301211011100111
00000103111101200111
00000301112110011011
00000210010111301111
00000210011103111011
00000310011102111011
00000310011110210111
00000110300012111111
00000130100210111111
00000110103101101211
00000130101210110111
00000110103111011012
00000110210011301111
00000110110021110311
00000210110103111011
00000110310112010111
00000130210111100111
00000110113001102111
00000110113001112011
00000110113011002111
00000110311012001111
00000310211011100111
00000110111120100311
00000111001011021113
00000121003011011111
00000121001111030111
00000111010101301121
00000111010103101121
00000211010110310111
00000111011001201113
00000112011300101111
00003000101011111211
00001000110211011113
00001000111021011113
00002000111130110111
00001000211111101301
00001001003110111112
00001003010111110121
00001001011201111031
00001003011111100121
00001001103110021111
00001001103110110121
00001001110021011113
00001001130011021111
00001001120011103111
00001002110011130111
00001003110101211011
00001001130110021111
00001001210110111301
00001001130111002111
00001001110121010113
00001001110311100112
00001001113001110211
00001002111001130111
00001001113010110121
00001001211010130111
00001003111010211011
00001001113011100211
00001001111301100112
00001001211110101301
00001001211111100301
00003010001110121111
00001030001111121011
00001010013010111112
00001030011110121011
00001010110102101311
00001010120101131011
00001030121011100111
00001020111013101011
00001010113101101012
00001011010110211031
00001011013010101112
00002011013100110111
00001011012100113011
00001011013110011102
00001011021110031101
00001031012110011101
00001011100011102113
00001011100103101211
00001011100210111301
00001011300110211101
00001021101003111011
00001011210030110111
00001031120011100111
00001013110102101011
00001011111030110012
00002100010111113011
00001101030011012111
00001101011020013111
00001101011010210131
00001302110011100111
00001103110210001111
00002103110111000111
00001101113001100211
00001302111001100111
00003101211010010111
00001110100103101211
00010002011101013111
00020001011130011111
00010002110100311111
00010001113001021111
00010010113001112011
00010020111001131011
00010010113101101012
00010011010131110102
00020011010111311001
00010011031100121011
00020011031100111011
00010011130100121011
00020011130100111011
00010013110102101011
00010011113001020111
00010031111200011101
00010300011001111121
00010100112001110311
00010100211001113011
00010100111301110021
00010101010011120131
00010101013011010112
00010101011100113102
00010110011001112031
00010130211001110011
