00000020101210111112
00000020210111110121
00000020112101101112
00000020111110210112
00000020111210110112
00000021010111021112
00000021020111101121
00000021011011120112
00000021011102011121
00000022011102011111
00000021021111010112
00000200110102111121
00000200120101112111
00000200110111201121
00000200111011011212
00000200112011011112
00000200112011101121
00000200111011110212
00000200211011110211
00000200121101112011
00000200112110110112
00000200121110110211
00000200121110111201
00000200211111010211
00000200112111101021
00000102002110111121
00000201001110121112
00000201001210211111
00000202001210111111
00000102002111101121
00000102001111211012
00000102001121111012
00000201021011011121
00000201021011012111
00000201022011011111
00000101022011101112
00000102011012101211
00000201011012101121
00000201021011101112
00000201011011110122
00000201011012111021
00000102100201111121
00000102100110211112
00000202100210111111
00000202100121011111
00000202100111121011
00000102101021011112
00000201101011011122
00000201201011210111
00000101201021111012
00000102101021111012
00000101201101120112
00000102101102110121
00000101102110021112
00000202101210011111
00000101101210110212
00000201101110121102
00000201201111001121
00000201201121001111
00000101101111020122
00000101201211010112
00000101110021102112
00000201110021101211
00000201110012111021
00000101110201111022
00000102110101211012
00000201110210012111
00000202110121001111
00000102110121011021
00000101210111201021
00000201111022001111
00000201211021001111
00000101121021101012
00000201111022101011
00000102111011120012
00000202111011110021
00000101111101200212
00000102111101200112
00000202111101200111
00000102111102110021
00000202111101110021
00000201111210012011
00000201112110110012
00000202111110110012
00000210010201211111
00000210010110211112
00000210020111201111
00000120011010211112
00000120011020111211
00000210021101102111
00000110021101112021
00000210011101112021
00000110021110201121
00000120021110110112
00000210011110120211
00000120100110211112
00000110200211011211
00000110200121102111
00000120102002111111
00000210102011012111
00000120101012102111
00000110102011111022
00000210101011211021
00000210102011111021
00000220102011111011
00000110102201011112
00000110102201110112
00000110102201110211
00000110202101110121
00000210101101120112
00000210101201120111
00000120101101121012
00000120201101111012
00000210101101111022
00000210101101211021
00000220101101111012
00000110101110112022
00000110101210112021
00000220101110211011
00000110201121002111
00000120110021201111
00000120210021101111
00000210110011110212
00000110110101210212
00000110110201110122
00000110110201110221
00000110120201110121
00000210210102110111
00000110210112001112
00000110210121010211
00000210210111010211
00000110112002011211
00000210212011001111
00000110111200120211
00000110111102010122
00000110112101020121
00000210112101010112
00000220111201010111
00000110112110200211
00000110211110200121
00000111002102011211
00000121001202011111
00000121002102011111
00000111020012011121
00000111020021101211
00000112020012101111
00000111010200211121
00000111020210110121
00000112010220110111
00000211020110210111
00000111012020011121
00000111012020012111
00000121012020011111
00000111011020210121
00000112011200201111
00000112100210201111
00001000201211011112
00002000110111021121
00002000111020121111
00002000211010111211
00002000111011012112
00001000211011102112
00002000211101101211
00001000211110112102
00002001001211021111
00001002001111110212
00002001010111012121
00001002011200112111
00001001012101110212
00001002012110101121
00002001100111011212
00002001100111102121
00001002101021102111
00002001101011102211
00001001102011110221
00001002201011120111
00001001202110021111
00001001101110201122
00001001201110201112
00001002101120101121
00001002102110101121
00001001102120110121
00002001201211001111
00001001101111020122
00001001202111010121
00001002101111010212
00002002110102111101
00002002210101111101
00001001111020111022
00002001211010121101
00001001121011021102
00002001112100120111
00001001111200112021
00001002111100212011
00001002211101110102
00002001112110020111
00002001112120010111
00002001121110020111
00001001112110021102
00001001111120101022
00001002111210101021
00002002111110101021
00001002211110110102
00001001111112001202
00001020002101112111
00001020001111112012
00001020010111110221
00001020011002111121
00001020012010111112
00001020022010111111
00001020011011110122
00001020011011210211
00001020011012110121
00002010012102111101
00001010011110112022
00001010012120111012
00001020100210121111
00001020100220111111
00002010100110121121
00001010200111012112
00001020100121012111
00002010200111101211
00002010100111121021
00001010102200111112
00002010101100111122
00002010101100121121
00001010102101201112
00001010102102101121
00001010102201101112
00002010101101121021
00001010102211011012
00001010201111011022
00002010110011012112
00001020110012101211
00001020110021101211
00001020110022101111
00001010110021120112
00001020110011210121
00002010110022111011
00001010210011112102
00002010110012112101
00001010110200121112
00001010210120101211
00002010110122011011
00001020110111220011
00001010111010210221
00002010122011011101
00001020111011100122
00001020121021100111
00001010112100201211
00001010112200201111
00001010121200120111
00001020111101200211
00001010111110200221
00001010111210200121
00002010111220110011
00001012000201112111
00002012000112111101
00002011002110112101
00002021002110111101
00001011001111012202
00001011002211011102
00001012001111011202
00002011001122011101
00002012001211011101
00001011010200121121
00001011010210021121
00001012010122011101
00002011010122011101
00001011022001110211
00001012021002110111
00001011012100120211
00002021012100110111
00001011022101101021
00001012011101201021
00001022011102110011
00001011011110022102
00001011012110012102
00001011100021102112
00001011100102101212
00001011100201101212
00001011100202101211
00001012100202101111
00001011100102121012
00001012100202111011
00001021200210111101
00001011100112021012
00001011200112021011
00001021100112012011
00001021100121021011
00001012100111201021
00001011102100212101
00002011102100112101
00001011201120010121
00001012102120010111
00001011102121010012
00001011110022102011
00001012110012102011
00001012110021102011
00001011120200121011
00001012110120101021
00001011110121002021
00001011120121001021
00001021111020110012
00001021112012000111
00001021112011100012
00002011112200101011
00002012111101100021
00002012111110100021
00002100010111112021
00001102000120112111
00001102000210112111
00002101010020111121
00001101020110022111
00001101020110122011
00001102010110221011
00001101110022020111
00001102120120001111
00001101112020010121
00002101211020010111
00002101212010010111
00001201112100200111
00001110020011120211
00001120020012110111
00001110011100120212
00001110011200210211
00001110021100120211
00001110100200111212
00001110100200121112
00001210120200101111
00010002002111011211
00010001021120011112
00010002012120011111
00020001012120110111
00020001012121010111
00010001201201011211
00010001202101110211
00010001202111002111
00020001110100212111
00010001120210110121
00010001112001021112
00010001112001202111
00010020001201111211
00020010001120111121
00010010102100112112
00010010101201110221
00010020211011120011
00010010112100112012
00010010111202100211
00010021000112021111
00010021000111111202
00010021000211111201
00010021001121110201
00010011010120011212
00010011020210012111
00020011010110012121
00010011021200112101
00010011011120021201
00010011012110021201
00010011100111020221
00010012100111210201
00010012202101010111
00010012201101201011
00010011102112010012
00010021110102210101
00010021210101210101
00020021210101110101
00010011120211010021
00010021110112020011
00010011122001020111
00010021112021000111
00020021211100011101
00010200011002112111
00010200012001112111
00010200011022110111
00020100101121120011
00020100101211210011
00010101010021012121
00010101012001012121
00010101012100211201
00010101012100212101
00010102012100112101
00010210001101112012
00020110001101212011
00010110012001112021
00010110012021110021
00010120011021210011
