00000200111011111112
00000200111111110211
00000201012101111111
00000101201111110112
00000201110111012111
00000102110111111012
00000201111012101111
00000201112101110111
00000101111110210112
00000201111111200111
00000120102101111111
00000210102110111111
00000110102111111012
00000110111011201112
00000210211011110111
00000110111201110112
00000120111201110111
00000110111110210112
00000210111110110211
00000111002011111112
00000211002011111111
00000111020111110121
00000121011020111111
00000211012011011111
00000111011011120112
00000111012011110112
00000121011102011111
00000112011101201111
00000112011102101111
00002000111120111111
00002000111111021111
00002001011101121111
00001002011111101121
00002001101011111211
00002001101021111111
00001001102110111112
00001001102111110112
00001002101111110112
00002001101121110111
00002001110101112111
00002001110111011211
00002001111010121111
00002001111101121101
00002001211101111101
00002001112110110111
00001001211110111102
00001010012011111112
00002010011012111111
00001020011110121111
00001020012110111111
00001010101111111022
00001010110021111112
00002010110021111111
00002010110110121111
00001010120111011121
00001010210111012111
00001010220111011111
00001020110111110121
00002010110111121011
00002010110121111011
00001010111012011121
00002010111011101211
00001010111102101211
00001010112101101112
00001010111210111021
00001010111111011022
00001010112111011012
00001010211111011012
00001020111111110021
00001021002011111111
00002011001011111112
00002011001101111112
00002011001101111121
00001011001111021112
00001012010111110121
00001011012010111112
00001011011011201121
00001011021011101121
00001011011012110211
00001021011012110111
00002011012100111111
00001011011101201121
00001011011102101121
00001011021101101121
00001021021101110111
00002011012101110111
00001011012110112011
00001011012111010112
00001021012111010111
00001012011111101021
00001012100201111111
00001011100112011112
00002011100112111011
00001011101021012111
00001011102011110121
00001011101011211012
00002011102100111111
00001011101102101121
00001021102101101111
00002011101101101112
00001011101102110121
00001012101102110111
00001011201101121011
00001011201101211011
00002011201101111011
00001021101120011111
00001011201210101111
00001012101120101111
00001012102110101111
00001012101120110111
00001011101210111201
00002011201111001111
00001011102111010121
00001012101111201011
00001011110021011112
00001011110021111012
00001011110012111102
00001011110200121111
00001011110101121012
00001021110120011111
00001021110210011111
00001011110110120112
00001011110111011022
00001011110112011012
00001011210111011012
00001012110112011011
00001021110111011021
00001021111002111011
00001021112001111011
00001011111010220111
00001011111020111012
00001011112010121011
00001011111021001112
00001011111021002111
00001021111012001111
00002011121011001111
00001011112011100211
00001021111011200111
00001012111011101012
00001021111011110012
00001021111200110111
00002011112100110111
00002011112100111011
00001011111201100112
00001021111101200111
00002011112101100111
00002011111120010111
00001011111120110012
00001200110102111111
00001200110111201111
00002100110111112011
00001100111011102112
00001102000211111111
00001101002110211111
00001101020121011111
00001101010211111012
00002101010121111011
00001101012010111121
00001101021011102111
00001101011200211111
00001102011200111111
00001102012100111111
00001101012101110211
00001102011101110121
00001101021110110121
00001101110020112111
00001101110012021111
00001101110021011112
00001101110200112111
00001101110102101211
00001102110211001111
00001101110121010211
00001102110121010111
00002102110111010111
00001101111020011121
00001101112010021111
00001101211020011111
00001101111021001112
00001101112021001111
00001101111200102111
00001101112100201111
00001101121102001111
00001101112110020111
00001101112110200111
00001120020111110111
00001120021011110111
00001110011101110212
00001110011110120211
00001110100201111112
00001110100110211112
00001110101200111112
00001120101200111111
00001110101102101211
00001110110021201111
00001110110021110211
00002110110021110111
00001110110200111211
00001110210120101111
00001210110110201111
00001110112100201111
00001111010020111121
00001111020012011111
00001111010210021111
00001111011020012111
00010002011111011121
00020001101101112111
00010001102111011112
00010001210201111111
00020001110101112111
00020001111011021111
00020010101101111211
00010020101111101211
00010020111001211111
00020010111001111211
00020010111001121111
00010010211011121011
00010010211100211111
00010010111101101212
00010010112101101112
00010010121101110211
00020010112111100111
00010010112111101012
00020010111121101011
00020011010110112111
00010011010211011121
00010021010111011121
00010021010211011111
00010011011102011121
00010011011201012111
00010012011120011111
00010011011210111201
00010011012111010211
00010011100102111112
00010011100201111211
00010011100111211102
00010011101102011112
00010011101201011211
00010011110101210211
00010011210101120111
00010011210201110111
00010021110102110111
00010011120101121011
00010012110102111011
00010011110120110112
00010011110110112021
00010011210110211011
00010012120110111011
00010011110111020121
00010011110211010121
00010021110111010112
00010021110211010111
00010021210111011101
00010021110111110102
00010011112001021111
00010011112021001111
00010021111012010111
00020011111011020111
00020011112011010111
00010011121101021011
00010011111201012101
00020011211101011101
00010011111201100211
00010011111120011201
00020021111111000111
00010200011101111121
00010200101111210111
00010100211011112011
00010100111201110121
00010100112101110211
00020100111121110011
00020100111211110011
00010101002101111211
00010101012001111121
00010101012001111211
00010101012001112111
00010101012001121111
00010101012011011121
00010201012100111111
00010101012101112011
00010101021110110121
00010101012111011021
00010101100101211112
00010101100201111121
00010101100112012111
00010101100211011121
00010101200111211011
00010102100112111011
00010201100211111011
00010101102101110211
00010201101101210111
00010101201111010112
00010101201211010111
00010201101111210011
00010201101211110011
00010101110200111121
00010101110101112012
00010101210101112011
00010102210101111011
00010101110111002112
00010101110211002111
00010101210211001111
00010201210111001111
00010101112001012111
00010101111011012201
00010101111011022101
00010101211011012101
00010101111100210211
00010201112100110111
00020101211100110111
00010101111121010021
00010101111211010021
00010101112111010012
00010102111111010021
00010110001102111112
00010110002111112011
00020110011001111121
00020110011001111211
00010110011021110211
00010110011021210111
00020110011011120111
00020210011011110111
00020110011121110011
00020210011111110011
00010210101111210011
00010120111011110021
00010120211011110011
00020110111121100011
00010111000211112011
00010111010011210112
00010111010021210111
00010211110200111011
00020111120100111011
00010112110101200111
00010112110111001012
00010121112001010111
00010111112102000111
00010121111102000111
00011001011110112021
00011002111201001111
00021010100101111211
00011010100121111021
00011021112011000111
00012021111100100111
00100111010010211121
