00000300111011111111
00000103101111110111
00000111010310111111
00000111013010111111
00000111101301011111
00003001100111111111
00001001110111111031
00001003110111111011
00001001111110111031
00001030011011111111
00001030011111111011
00001011001011111113
00001011010111111031
00001011013010111111
00001011100111111031
00001100110111110311
00001100111101110311
00001101031011011111
00001101011110031111
00001110011110130111
00001110100101111113
00001110300111101111
00010010031101111111
00010011110011130111
00010031111011100111
00010101013001111111
00010101011011011131
00010101113001011111
00010101311011011101
00010110011011111031
00010111113001010111
00011000110311110111
00011000111011103111
00011001110011103111
00011001110011130111
00011001110011113011
00011001110311100111
00011001111001103111
00011001111001113011
00011001111011003111
00011001113011100111
00011001111301100111
00011010110101101311
00011010110101131011
00011010110131101011
00011031110011100111
00011031111001100111
00011011113011000111
00101011010110131101
