00000020011211020121
00000020200111210121
00000020102201101211
00000010201201110122
00000020101120021121
00000020201210110121
00000020110101220112
00000020210101210121
00000020120112001211
00000020120112010121
00000020120111100212
00000020210111210021
00000020111002201112
00000020211002201111
00000020112012001121
00000020112012010121
00000020211011120021
00000020112201011012
00000020121102100112
00000020211101120021
00000021001020121112
00000022002020111111
00000021002021011211
00000012001021102112
00000012002021101211
00000022002021110111
00000012001202011121
00000021002110102112
00000012002112010211
00000021001112020121
00000022001112020111
00000012001121102012
00000021001112102021
00000022001111202011
00000021020012110211
00000012010102201112
00000022010120112011
00000021010211020121
00000022010211011021
00000021020112100211
00000011021010211022
00000022011012010211
00000022011021010211
00000022011202001111
00000011200120102112
00000021200120101112
00000021100120210211
00000021102012001121
00000011101021020122
00000012101021020112
00000021101202001211
00000200012011112021
00000200011102102121
00000200011201201121
00000200102100211121
00000100202110111022
00000100202111110022
00000200110011210212
00000200120201101121
00000200210112001121
00000200211002121101
00000200111010210221
00000200112011012201
00000200212011101021
00000100122011101202
00000200112100210211
00000200121100210211
00000200121201101021
00000200112110200211
00000200111120102201
00000200121121100102
00000202000121012111
00000102000121112012
00000102002011101221
00000201001011120122
00000201002100211211
00000202002200111111
00000102001120012112
00000201001110122102
00000101002111201022
00000102002211101021
00000201001112120021
00000202001111220011
00000202002211110011
00000102010011121022
00000102010120012112
00000102010121002112
00000102010111200221
00000102022001121011
00000201011002121021
00000201012001112201
00000201012001211201
00000201022001112101
00000102011021002211
00000201022011001112
00000101012021010122
00000201011021012201
00000201012011012201
00000101012012100212
00000201021011100122
00000201022011101102
00000202011011120021
00000101011200201122
00000101012100201212
00000101012200201112
00000101012201021021
00000101022101021021
00000101012120012102
00000102011120012102
00000102012110012102
00000101021110200221
00000101200012021112
00000201200022011111
00000102200120111201
00000101200121010212
00000202200121101101
00000102102011200121
00000202102210010111
00000101101120012202
00000101101220011202
00000201201120011201
00000201102210110012
00000202102110110012
00000202110022001111
00000201220102101011
00000101110120200221
00000101120120200121
00000102110210200112
00000101110122002021
00000102120121001012
00000201210112001021
00000202111002200111
00000101112012000212
00000102111201200012
00000210002002111112
00000210002011112021
00000210002021121011
00000120001120120211
00000120001120210211
00000120020011210112
00000110020200121121
00000210010200211121
00000210020200211111
00000110020102101122
00000210010210212011
00000220010210211011
00000110022010110212
00000110012101102022
00000110022101102021
00000110021120200121
00000220011110202011
00000110200021102112
00000210101002120112
00000120102002111012
00000110201012001122
00000210102012201011
00000110101100212022
00000120101102002211
00000110120021100212
00000210112002010112
00000111020002202111
00000112020002201111
00001000201210101212
00001000201220101112
00002000102111022101
00001000210120110212
00001000122011021102
00001000211202100211
00002001000212012111
00002001001122011201
00002001002211021101
00001002010220011121
00002001010221020111
00001002010221110021
00002001012001121201
00001001012100120212
00001002021200110121
00001001012200111202
00001002012120100121
00001002012210101021
00001002100210102121
00001001202120010121
00001002102110021201
00001002110020211021
00001001210020121201
00001001210200121201
00001001110120020212
00001001120220010211
00001001110120102022
00001002110120110022
00001001212001210201
00001001122010021102
00001001221020011102
00002001211211000102
00001020002001112112
00001020001200211211
00001020002100112112
00002010002102211011
00002020002102111011
00001020002101112102
00001020010022110211
00001020010200121121
00001010021200120121
00001020012120110012
00001010200012112012
00001010200012121012
00001020100011121022
00002010100011121022
00002010100011122012
00002010100012112012
00001010200210101212
00002010100112102201
00001020110012201201
00002010211002102101
00001011000212012102
00001022000212011101
00002011000212012101
00002012000212011101
00001011002100112202
00002022002110011101
00001021112002100012
00020001002122010111
00010001020120011122
00010001020120012121
00010001012120012021
00010001202120010121
00010012000102112021
00010021000121210201
