00010110111011111111
00010110111101111111
00010110111110111111
00010110111111101111
00010110111111110111
00010111011011111111
00010111011110111111
00010111101111011111
00010111101111110111
00010111101111111011
00010111110111101111
00010111110111111011
00010111111011110111
00010111111101101111
00010111111101111011
00011010111011111111
00011011010111111111
00011011011101111111
00011011101101111111
00011011101111011111
00011011110111011111
00011011111011111011
00011011111101011111
00011011111110101111
00011011111110110111
00011011111111010111
00011101011011111111
00011101111011011111
00011110101101111111
00100111010111111111
00100111011110111111
00100111101110111111
00100111101111011111
00101011001111111111
00101011100111111111
00101011111110110111
00101110100111111111
00101111111110100111
00110101011011111111
